
SUMMARISING RUN PARAMETERS
==========================
Input filename: SRR5217327_1.fastq
Trimming mode: single-end
Trim Galore version: 0.6.1
Cutadapt version: 1.18
Number of cores used for trimming: 1
Quality Phred score cutoff: 20
Quality encoding type selected: ASCII+33
Adapter sequence: 'AGATCGGAAGAGC' (Illumina TruSeq, Sanger iPCR; auto-detected)
Maximum trimming error rate: 0.1 (default)
Minimum required adapter overlap (stringency): 3 bp
Minimum required sequence length before a sequence gets removed: 24 bp


This is cutadapt 1.18 with Python 2.7.11
Command line parameters: -j 1 -e 0.1 -q 20 -O 3 -a AGATCGGAAGAGC SRR5217327_1.fastq
Processing reads on 1 core in single-end mode ...
Finished in 5185.69 s (52 us/read; 1.15 M reads/minute).

=== Summary ===

Total reads processed:              99,098,116
Reads with adapters:                11,202,119 (11.3%)
Reads written (passing filters):    99,098,116 (100.0%)

Total basepairs processed: 14,963,815,516 bp
Quality-trimmed:             144,899,270 bp (1.0%)
Total written (filtered):  14,480,188,974 bp (96.8%)

=== Adapter 1 ===

Sequence: AGATCGGAAGAGC; Type: regular 3'; Length: 13; Trimmed: 11202119 times.

No. of allowed errors:
0-9 bp: 0; 10-13 bp: 1

Bases preceding removed adapters:
  A: 23.6%
  C: 27.3%
  G: 24.9%
  T: 24.2%
  none/other: 0.1%

Overview of removed sequences
length	count	expect	max.err	error counts
3	1862672	1548408.1	0	1862672
4	493999	387102.0	0	493999
5	228491	96775.5	0	228491
6	169520	24193.9	0	169520
7	186736	6048.5	0	186736
8	156830	1512.1	0	156830
9	156733	378.0	0	152264 4469
10	216390	94.5	1	207326 9064
11	105985	23.6	1	98570 7415
12	162288	5.9	1	152963 9325
13	187402	1.5	1	178038 9364
14	128165	1.5	1	120721 7444
15	172359	1.5	1	164306 8053
16	121166	1.5	1	114884 6282
17	152423	1.5	1	144022 8401
18	166155	1.5	1	157945 8210
19	136835	1.5	1	130327 6508
20	145214	1.5	1	138722 6492
21	147277	1.5	1	140214 7063
22	150743	1.5	1	143495 7248
23	136502	1.5	1	130630 5872
24	134667	1.5	1	128515 6152
25	152767	1.5	1	146689 6078
26	115082	1.5	1	110013 5069
27	138044	1.5	1	131492 6552
28	163681	1.5	1	156127 7554
29	119950	1.5	1	114167 5783
30	145240	1.5	1	139636 5604
31	122632	1.5	1	117134 5498
32	149229	1.5	1	144071 5158
33	101213	1.5	1	96826 4387
34	127355	1.5	1	121671 5684
35	129425	1.5	1	123082 6343
36	145641	1.5	1	139461 6180
37	116779	1.5	1	112548 4231
38	100382	1.5	1	96039 4343
39	127832	1.5	1	123138 4694
40	111492	1.5	1	106929 4563
41	119621	1.5	1	114720 4901
42	132423	1.5	1	126457 5966
43	162688	1.5	1	159172 3516
44	58384	1.5	1	55350 3034
45	87131	1.5	1	84251 2880
46	80632	1.5	1	77297 3335
47	99625	1.5	1	96062 3563
48	99912	1.5	1	96037 3875
49	112585	1.5	1	108958 3627
50	81359	1.5	1	78263 3096
51	98066	1.5	1	94528 3538
52	91305	1.5	1	87929 3376
53	92639	1.5	1	89072 3567
54	92897	1.5	1	88584 4313
55	129065	1.5	1	125891 3174
56	54574	1.5	1	52059 2515
57	69515	1.5	1	67199 2316
58	74222	1.5	1	71690 2532
59	76470	1.5	1	73814 2656
60	78825	1.5	1	76258 2567
61	70597	1.5	1	68185 2412
62	70916	1.5	1	68445 2471
63	69444	1.5	1	67009 2435
64	68099	1.5	1	65695 2404
65	66199	1.5	1	63619 2580
66	70835	1.5	1	68283 2552
67	58523	1.5	1	56294 2229
68	59846	1.5	1	57728 2118
69	58354	1.5	1	56193 2161
70	58886	1.5	1	56782 2104
71	57891	1.5	1	55779 2112
72	56281	1.5	1	54087 2194
73	55406	1.5	1	53242 2164
74	55525	1.5	1	53182 2343
75	65549	1.5	1	59543 6006
76	236915	1.5	1	229826 7089
77	222672	1.5	1	217801 4871
78	110876	1.5	1	108134 2742
79	45420	1.5	1	44060 1360
80	21264	1.5	1	20428 836
81	14363	1.5	1	13676 687
82	11021	1.5	1	10402 619
83	9088	1.5	1	8513 575
84	7915	1.5	1	7415 500
85	7137	1.5	1	6658 479
86	6418	1.5	1	5946 472
87	5792	1.5	1	5349 443
88	5256	1.5	1	4840 416
89	4952	1.5	1	4540 412
90	4505	1.5	1	4102 403
91	4528	1.5	1	4138 390
92	4197	1.5	1	3804 393
93	3850	1.5	1	3547 303
94	3720	1.5	1	3383 337
95	3395	1.5	1	3094 301
96	3214	1.5	1	2888 326
97	2853	1.5	1	2553 300
98	2758	1.5	1	2490 268
99	2572	1.5	1	2287 285
100	2540	1.5	1	2226 314
101	2350	1.5	1	2087 263
102	2264	1.5	1	2034 230
103	2113	1.5	1	1877 236
104	2064	1.5	1	1815 249
105	1793	1.5	1	1555 238
106	1742	1.5	1	1526 216
107	1653	1.5	1	1444 209
108	1598	1.5	1	1355 243
109	1530	1.5	1	1335 195
110	1406	1.5	1	1217 189
111	1421	1.5	1	1186 235
112	1294	1.5	1	1091 203
113	1128	1.5	1	969 159
114	1088	1.5	1	929 159
115	1051	1.5	1	878 173
116	937	1.5	1	778 159
117	923	1.5	1	779 144
118	878	1.5	1	719 159
119	779	1.5	1	670 109
120	702	1.5	1	554 148
121	689	1.5	1	562 127
122	588	1.5	1	473 115
123	531	1.5	1	429 102
124	464	1.5	1	352 112
125	421	1.5	1	311 110
126	413	1.5	1	310 103
127	302	1.5	1	245 57
128	271	1.5	1	191 80
129	215	1.5	1	171 44
130	167	1.5	1	109 58
131	140	1.5	1	88 52
132	122	1.5	1	79 43
133	137	1.5	1	77 60
134	92	1.5	1	50 42
135	92	1.5	1	40 52
136	66	1.5	1	32 34
137	88	1.5	1	27 61
138	49	1.5	1	19 30
139	51	1.5	1	17 34
140	51	1.5	1	15 36
141	40	1.5	1	10 30
142	52	1.5	1	20 32
143	45	1.5	1	12 33
144	47	1.5	1	16 31
145	37	1.5	1	14 23
146	18	1.5	1	9 9
147	25	1.5	1	11 14
148	33	1.5	1	22 11
149	46	1.5	1	31 15
150	130	1.5	1	96 34
151	1177	1.5	1	1092 85


RUN STATISTICS FOR INPUT FILE: SRR5217327_1.fastq
=============================================
99098116 sequences processed in total
Sequences removed because they became shorter than the length cutoff of 24 bp:	16720 (0.0%)

