
SUMMARISING RUN PARAMETERS
==========================
Input filename: SRR6228883_2.fastq
Trimming mode: paired-end
Trim Galore version: 0.6.1
Cutadapt version: 1.18
Number of cores used for trimming: 1
Quality Phred score cutoff: 20
Quality encoding type selected: ASCII+33
Adapter sequence: 'AGATCGGAAGAGC' (Illumina TruSeq, Sanger iPCR; auto-detected)
Maximum trimming error rate: 0.1 (default)
Minimum required adapter overlap (stringency): 3 bp
Minimum required sequence length for both reads before a sequence pair gets removed: 24 bp


This is cutadapt 1.18 with Python 2.7.11
Command line parameters: -j 1 -e 0.1 -q 20 -O 3 -a AGATCGGAAGAGC SRR6228883_2.fastq
Processing reads on 1 core in single-end mode ...
Finished in 1203.23 s (20 us/read; 2.94 M reads/minute).

=== Summary ===

Total reads processed:              58,974,777
Reads with adapters:                 3,992,153 (6.8%)
Reads written (passing filters):    58,974,777 (100.0%)

Total basepairs processed: 8,905,191,327 bp
Quality-trimmed:              51,605,410 bp (0.6%)
Total written (filtered):  8,820,094,188 bp (99.0%)

=== Adapter 1 ===

Sequence: AGATCGGAAGAGC; Type: regular 3'; Length: 13; Trimmed: 3992153 times.

No. of allowed errors:
0-9 bp: 0; 10-13 bp: 1

Bases preceding removed adapters:
  A: 36.4%
  C: 11.7%
  G: 14.9%
  T: 37.0%
  none/other: 0.0%

Overview of removed sequences
length	count	expect	max.err	error counts
3	1774828	921480.9	0	1774828
4	556551	230370.2	0	556551
5	250301	57592.6	0	250301
6	147019	14398.1	0	147019
7	105919	3599.5	0	105919
8	85743	899.9	0	85743
9	79892	225.0	0	78911 981
10	74665	56.2	1	72133 2532
11	69625	14.1	1	67051 2574
12	66491	3.5	1	65103 1388
13	61825	0.9	1	60903 922
14	63179	0.9	1	62136 1043
15	55579	0.9	1	54854 725
16	50892	0.9	1	50244 648
17	50012	0.9	1	49308 704
18	41035	0.9	1	40490 545
19	38467	0.9	1	37920 547
20	33056	0.9	1	32533 523
21	32108	0.9	1	31575 533
22	30345	0.9	1	29918 427
23	27050	0.9	1	26606 444
24	25731	0.9	1	25342 389
25	22630	0.9	1	22256 374
26	21076	0.9	1	20713 363
27	18263	0.9	1	17801 462
28	15147	0.9	1	14861 286
29	12988	0.9	1	12686 302
30	11296	0.9	1	11037 259
31	10276	0.9	1	10076 200
32	9651	0.9	1	9484 167
33	10109	0.9	1	9913 196
34	10372	0.9	1	10121 251
35	9995	0.9	1	9807 188
36	9615	0.9	1	9304 311
37	8644	0.9	1	8417 227
38	7445	0.9	1	7283 162
39	6688	0.9	1	6506 182
40	5778	0.9	1	5640 138
41	5170	0.9	1	5041 129
42	4816	0.9	1	4656 160
43	4761	0.9	1	4650 111
44	4492	0.9	1	4393 99
45	4484	0.9	1	4361 123
46	4381	0.9	1	4260 121
47	4018	0.9	1	3917 101
48	3729	0.9	1	3634 95
49	3115	0.9	1	3044 71
50	2530	0.9	1	2469 61
51	2445	0.9	1	2375 70
52	2004	0.9	1	1940 64
53	1751	0.9	1	1686 65
54	1549	0.9	1	1477 72
55	1622	0.9	1	1554 68
56	1521	0.9	1	1462 59
57	1337	0.9	1	1285 52
58	1250	0.9	1	1187 63
59	1023	0.9	1	968 55
60	884	0.9	1	836 48
61	819	0.9	1	761 58
62	805	0.9	1	749 56
63	812	0.9	1	749 63
64	768	0.9	1	707 61
65	886	0.9	1	829 57
66	901	0.9	1	836 65
67	1258	0.9	1	1089 169
68	10757	0.9	1	10403 354
69	1326	0.9	1	1233 93
70	312	0.9	1	248 64
71	232	0.9	1	176 56
72	147	0.9	1	92 55
73	124	0.9	1	79 45
74	112	0.9	1	68 44
75	119	0.9	1	81 38
76	122	0.9	1	81 41
77	169	0.9	1	113 56
78	151	0.9	1	100 51
79	171	0.9	1	115 56
80	162	0.9	1	99 63
81	127	0.9	1	83 44
82	128	0.9	1	87 41
83	118	0.9	1	77 41
84	128	0.9	1	84 44
85	102	0.9	1	63 39
86	124	0.9	1	79 45
87	95	0.9	1	62 33
88	83	0.9	1	57 26
89	125	0.9	1	78 47
90	107	0.9	1	63 44
91	104	0.9	1	64 40
92	103	0.9	1	63 40
93	97	0.9	1	65 32
94	93	0.9	1	45 48
95	80	0.9	1	42 38
96	75	0.9	1	36 39
97	70	0.9	1	37 33
98	79	0.9	1	46 33
99	71	0.9	1	40 31
100	67	0.9	1	45 22
101	71	0.9	1	49 22
102	82	0.9	1	43 39
103	68	0.9	1	38 30
104	88	0.9	1	49 39
105	67	0.9	1	32 35
106	79	0.9	1	35 44
107	46	0.9	1	24 22
108	78	0.9	1	37 41
109	65	0.9	1	32 33
110	55	0.9	1	24 31
111	55	0.9	1	30 25
112	65	0.9	1	23 42
113	54	0.9	1	24 30
114	58	0.9	1	28 30
115	64	0.9	1	29 35
116	43	0.9	1	26 17
117	60	0.9	1	24 36
118	52	0.9	1	19 33
119	58	0.9	1	15 43
120	54	0.9	1	24 30
121	43	0.9	1	15 28
122	43	0.9	1	17 26
123	67	0.9	1	25 42
124	49	0.9	1	26 23
125	67	0.9	1	25 42
126	54	0.9	1	23 31
127	50	0.9	1	20 30
128	52	0.9	1	20 32
129	51	0.9	1	20 31
130	61	0.9	1	20 41
131	37	0.9	1	14 23
132	50	0.9	1	30 20
133	52	0.9	1	20 32
134	53	0.9	1	20 33
135	59	0.9	1	18 41
136	48	0.9	1	18 30
137	42	0.9	1	19 23
138	63	0.9	1	18 45
139	40	0.9	1	13 27
140	36	0.9	1	9 27
141	55	0.9	1	21 34
142	41	0.9	1	20 21
143	37	0.9	1	14 23
144	45	0.9	1	18 27
145	42	0.9	1	11 31
146	39	0.9	1	16 23
147	62	0.9	1	15 47
148	57	0.9	1	16 41
149	35	0.9	1	19 16
150	92	0.9	1	31 61
151	72	0.9	1	58 14


RUN STATISTICS FOR INPUT FILE: SRR6228883_2.fastq
=============================================
58974777 sequences processed in total

Total number of sequences analysed for the sequence pair length validation: 58974777

Number of sequence pairs removed because at least one read was shorter than the length cutoff (24 bp): 47492 (0.08%)
