
SUMMARISING RUN PARAMETERS
==========================
Input filename: SRR6228883_1.fastq
Trimming mode: paired-end
Trim Galore version: 0.6.1
Cutadapt version: 1.18
Number of cores used for trimming: 1
Quality Phred score cutoff: 20
Quality encoding type selected: ASCII+33
Adapter sequence: 'AGATCGGAAGAGC' (Illumina TruSeq, Sanger iPCR; auto-detected)
Maximum trimming error rate: 0.1 (default)
Minimum required adapter overlap (stringency): 3 bp
Minimum required sequence length for both reads before a sequence pair gets removed: 24 bp


This is cutadapt 1.18 with Python 2.7.11
Command line parameters: -j 1 -e 0.1 -q 20 -O 3 -a AGATCGGAAGAGC SRR6228883_1.fastq
Processing reads on 1 core in single-end mode ...
Finished in 4442.87 s (75 us/read; 0.80 M reads/minute).

=== Summary ===

Total reads processed:              58,974,777
Reads with adapters:                 4,505,982 (7.6%)
Reads written (passing filters):    58,974,777 (100.0%)

Total basepairs processed: 8,905,191,327 bp
Quality-trimmed:              20,666,508 bp (0.2%)
Total written (filtered):  8,847,090,754 bp (99.3%)

=== Adapter 1 ===

Sequence: AGATCGGAAGAGC; Type: regular 3'; Length: 13; Trimmed: 4505982 times.

No. of allowed errors:
0-9 bp: 0; 10-13 bp: 1

Bases preceding removed adapters:
  A: 36.5%
  C: 10.3%
  G: 13.7%
  T: 39.4%
  none/other: 0.0%

Overview of removed sequences
length	count	expect	max.err	error counts
3	1900064	921480.9	0	1900064
4	663233	230370.2	0	663233
5	327958	57592.6	0	327958
6	204532	14398.1	0	204532
7	146816	3599.5	0	146816
8	104193	899.9	0	104193
9	94301	225.0	0	93216 1085
10	78404	56.2	1	76091 2313
11	70875	14.1	1	69437 1438
12	67358	3.5	1	66438 920
13	64512	0.9	1	63680 832
14	61643	0.9	1	60754 889
15	59809	0.9	1	58910 899
16	56785	0.9	1	55896 889
17	54864	0.9	1	53993 871
18	46921	0.9	1	46278 643
19	43232	0.9	1	42588 644
20	38253	0.9	1	37757 496
21	35439	0.9	1	34905 534
22	32095	0.9	1	31630 465
23	29856	0.9	1	29436 420
24	28570	0.9	1	28080 490
25	25383	0.9	1	24987 396
26	22320	0.9	1	21993 327
27	21042	0.9	1	20735 307
28	19026	0.9	1	18668 358
29	14986	0.9	1	14735 251
30	12394	0.9	1	12190 204
31	11444	0.9	1	11241 203
32	11199	0.9	1	11005 194
33	9304	0.9	1	9114 190
34	10631	0.9	1	10458 173
35	10681	0.9	1	10489 192
36	9405	0.9	1	9241 164
37	9535	0.9	1	9383 152
38	7941	0.9	1	7817 124
39	7425	0.9	1	7279 146
40	7088	0.9	1	6955 133
41	6027	0.9	1	5905 122
42	4748	0.9	1	4640 108
43	6617	0.9	1	6485 132
44	3265	0.9	1	3170 95
45	4052	0.9	1	3962 90
46	4057	0.9	1	3985 72
47	4307	0.9	1	4218 89
48	3870	0.9	1	3781 89
49	3857	0.9	1	3762 95
50	3031	0.9	1	2941 90
51	2888	0.9	1	2823 65
52	2230	0.9	1	2169 61
53	2059	0.9	1	2009 50
54	1909	0.9	1	1852 57
55	1774	0.9	1	1710 64
56	1493	0.9	1	1442 51
57	1525	0.9	1	1453 72
58	1251	0.9	1	1206 45
59	1386	0.9	1	1318 68
60	960	0.9	1	908 52
61	852	0.9	1	779 73
62	708	0.9	1	645 63
63	827	0.9	1	781 46
64	640	0.9	1	579 61
65	707	0.9	1	628 79
66	708	0.9	1	635 73
67	624	0.9	1	564 60
68	619	0.9	1	551 68
69	623	0.9	1	557 66
70	608	0.9	1	543 65
71	552	0.9	1	503 49
72	692	0.9	1	627 65
73	709	0.9	1	642 67
74	712	0.9	1	658 54
75	1230	0.9	1	874 356
76	5752	0.9	1	5655 97
77	948	0.9	1	897 51
78	393	0.9	1	341 52
79	255	0.9	1	212 43
80	203	0.9	1	179 24
81	155	0.9	1	126 29
82	150	0.9	1	116 34
83	175	0.9	1	131 44
84	157	0.9	1	124 33
85	162	0.9	1	126 36
86	162	0.9	1	123 39
87	149	0.9	1	110 39
88	131	0.9	1	101 30
89	147	0.9	1	114 33
90	155	0.9	1	123 32
91	140	0.9	1	104 36
92	158	0.9	1	121 37
93	133	0.9	1	96 37
94	126	0.9	1	91 35
95	137	0.9	1	93 44
96	127	0.9	1	93 34
97	128	0.9	1	102 26
98	124	0.9	1	89 35
99	117	0.9	1	86 31
100	84	0.9	1	65 19
101	99	0.9	1	66 33
102	127	0.9	1	93 34
103	128	0.9	1	86 42
104	117	0.9	1	81 36
105	104	0.9	1	79 25
106	88	0.9	1	63 25
107	99	0.9	1	46 53
108	88	0.9	1	49 39
109	99	0.9	1	60 39
110	91	0.9	1	51 40
111	67	0.9	1	41 26
112	67	0.9	1	37 30
113	72	0.9	1	36 36
114	81	0.9	1	48 33
115	66	0.9	1	47 19
116	67	0.9	1	29 38
117	82	0.9	1	40 42
118	73	0.9	1	36 37
119	65	0.9	1	37 28
120	79	0.9	1	36 43
121	56	0.9	1	32 24
122	67	0.9	1	27 40
123	63	0.9	1	35 28
124	59	0.9	1	23 36
125	34	0.9	1	22 12
126	71	0.9	1	33 38
127	60	0.9	1	27 33
128	53	0.9	1	23 30
129	52	0.9	1	25 27
130	58	0.9	1	31 27
131	51	0.9	1	28 23
132	62	0.9	1	27 35
133	57	0.9	1	26 31
134	77	0.9	1	29 48
135	71	0.9	1	26 45
136	72	0.9	1	25 47
137	77	0.9	1	32 45
138	75	0.9	1	40 35
139	87	0.9	1	30 57
140	56	0.9	1	15 41
141	48	0.9	1	14 34
142	61	0.9	1	22 39
143	69	0.9	1	20 49
144	51	0.9	1	12 39
145	45	0.9	1	17 28
146	59	0.9	1	16 43
147	62	0.9	1	16 46
148	83	0.9	1	11 72
149	79	0.9	1	16 63
150	123	0.9	1	16 107
151	283	0.9	1	20 263


RUN STATISTICS FOR INPUT FILE: SRR6228883_1.fastq
=============================================
58974777 sequences processed in total

