
SUMMARISING RUN PARAMETERS
==========================
Input filename: SRR6228881_1.fastq
Trimming mode: paired-end
Trim Galore version: 0.6.1
Cutadapt version: 1.18
Number of cores used for trimming: 1
Quality Phred score cutoff: 20
Quality encoding type selected: ASCII+33
Adapter sequence: 'AGATCGGAAGAGC' (Illumina TruSeq, Sanger iPCR; auto-detected)
Maximum trimming error rate: 0.1 (default)
Minimum required adapter overlap (stringency): 3 bp
Minimum required sequence length for both reads before a sequence pair gets removed: 24 bp


This is cutadapt 1.18 with Python 2.7.11
Command line parameters: -j 1 -e 0.1 -q 20 -O 3 -a AGATCGGAAGAGC SRR6228881_1.fastq
Processing reads on 1 core in single-end mode ...
Finished in 3867.40 s (82 us/read; 0.73 M reads/minute).

=== Summary ===

Total reads processed:              47,184,481
Reads with adapters:                10,969,559 (23.2%)
Reads written (passing filters):    47,184,481 (100.0%)

Total basepairs processed: 7,124,856,631 bp
Quality-trimmed:              17,978,721 bp (0.3%)
Total written (filtered):  7,016,694,300 bp (98.5%)

=== Adapter 1 ===

Sequence: AGATCGGAAGAGC; Type: regular 3'; Length: 13; Trimmed: 10969559 times.

No. of allowed errors:
0-9 bp: 0; 10-13 bp: 1

Bases preceding removed adapters:
  A: 42.0%
  C: 2.6%
  G: 5.8%
  T: 49.5%
  none/other: 0.0%

Overview of removed sequences
length	count	expect	max.err	error counts
3	2752732	737257.5	0	2752732
4	1825256	184314.4	0	1825256
5	1382311	46078.6	0	1382311
6	1006971	11519.6	0	1006971
7	681933	2879.9	0	681933
8	428335	720.0	0	428335
9	327241	180.0	0	325808 1433
10	225985	45.0	1	221583 4402
11	192030	11.2	1	188969 3061
12	170750	2.8	1	168662 2088
13	159197	0.7	1	157190 2007
14	158119	0.7	1	155744 2375
15	150314	0.7	1	148076 2238
16	157088	0.7	1	154741 2347
17	150917	0.7	1	148584 2333
18	137984	0.7	1	136155 1829
19	109767	0.7	1	108269 1498
20	102011	0.7	1	100676 1335
21	86313	0.7	1	85155 1158
22	81380	0.7	1	80405 975
23	76578	0.7	1	75582 996
24	72135	0.7	1	70970 1165
25	63258	0.7	1	62313 945
26	54317	0.7	1	53588 729
27	50205	0.7	1	49490 715
28	42792	0.7	1	42118 674
29	31310	0.7	1	30841 469
30	22893	0.7	1	22583 310
31	19372	0.7	1	19022 350
32	16679	0.7	1	16408 271
33	12489	0.7	1	12297 192
34	15319	0.7	1	15022 297
35	13694	0.7	1	13486 208
36	13879	0.7	1	13704 175
37	13786	0.7	1	13579 207
38	12678	0.7	1	12521 157
39	11327	0.7	1	11151 176
40	11424	0.7	1	11253 171
41	14982	0.7	1	14776 206
42	4598	0.7	1	4487 111
43	8279	0.7	1	8161 118
44	7503	0.7	1	7388 115
45	8922	0.7	1	8784 138
46	7485	0.7	1	7369 116
47	8264	0.7	1	8114 150
48	6731	0.7	1	6617 114
49	6589	0.7	1	6468 121
50	4844	0.7	1	4762 82
51	4483	0.7	1	4410 73
52	4592	0.7	1	4498 94
53	4020	0.7	1	3935 85
54	2987	0.7	1	2919 68
55	3545	0.7	1	3480 65
56	3053	0.7	1	2975 78
57	3570	0.7	1	3494 76
58	2962	0.7	1	2899 63
59	2724	0.7	1	2643 81
60	1926	0.7	1	1864 62
61	1799	0.7	1	1689 110
62	1131	0.7	1	1063 68
63	776	0.7	1	717 59
64	563	0.7	1	514 49
65	443	0.7	1	394 49
66	503	0.7	1	445 58
67	467	0.7	1	419 48
68	359	0.7	1	307 52
69	383	0.7	1	335 48
70	384	0.7	1	326 58
71	329	0.7	1	294 35
72	425	0.7	1	368 57
73	602	0.7	1	491 111
74	3059	0.7	1	2994 65
75	580	0.7	1	536 44
76	224	0.7	1	187 37
77	133	0.7	1	95 38
78	106	0.7	1	66 40
79	116	0.7	1	86 30
80	113	0.7	1	85 28
81	111	0.7	1	71 40
82	91	0.7	1	61 30
83	104	0.7	1	78 26
84	106	0.7	1	76 30
85	103	0.7	1	78 25
86	103	0.7	1	62 41
87	95	0.7	1	62 33
88	74	0.7	1	46 28
89	88	0.7	1	61 27
90	83	0.7	1	52 31
91	87	0.7	1	54 33
92	82	0.7	1	56 26
93	76	0.7	1	50 26
94	76	0.7	1	49 27
95	71	0.7	1	39 32
96	70	0.7	1	42 28
97	74	0.7	1	49 25
98	79	0.7	1	54 25
99	59	0.7	1	47 12
100	51	0.7	1	32 19
101	57	0.7	1	41 16
102	60	0.7	1	34 26
103	49	0.7	1	26 23
104	53	0.7	1	32 21
105	49	0.7	1	30 19
106	51	0.7	1	22 29
107	77	0.7	1	34 43
108	58	0.7	1	31 27
109	56	0.7	1	32 24
110	54	0.7	1	32 22
111	49	0.7	1	15 34
112	42	0.7	1	21 21
113	58	0.7	1	27 31
114	62	0.7	1	36 26
115	58	0.7	1	30 28
116	64	0.7	1	28 36
117	50	0.7	1	20 30
118	45	0.7	1	18 27
119	43	0.7	1	16 27
120	54	0.7	1	23 31
121	42	0.7	1	18 24
122	52	0.7	1	20 32
123	40	0.7	1	13 27
124	40	0.7	1	9 31
125	48	0.7	1	18 30
126	57	0.7	1	29 28
127	34	0.7	1	19 15
128	29	0.7	1	4 25
129	44	0.7	1	10 34
130	53	0.7	1	22 31
131	50	0.7	1	14 36
132	33	0.7	1	14 19
133	41	0.7	1	13 28
134	47	0.7	1	18 29
135	55	0.7	1	18 37
136	33	0.7	1	17 16
137	51	0.7	1	28 23
138	52	0.7	1	19 33
139	55	0.7	1	18 37
140	53	0.7	1	20 33
141	41	0.7	1	16 25
142	49	0.7	1	6 43
143	37	0.7	1	8 29
144	45	0.7	1	20 25
145	32	0.7	1	11 21
146	47	0.7	1	11 36
147	35	0.7	1	7 28
148	55	0.7	1	16 39
149	49	0.7	1	12 37
150	35	0.7	1	8 27
151	130	0.7	1	22 108


RUN STATISTICS FOR INPUT FILE: SRR6228881_1.fastq
=============================================
47184481 sequences processed in total

