
SUMMARISING RUN PARAMETERS
==========================
Input filename: SRR6228882_1.fastq
Trimming mode: paired-end
Trim Galore version: 0.6.1
Cutadapt version: 1.18
Number of cores used for trimming: 1
Quality Phred score cutoff: 20
Quality encoding type selected: ASCII+33
Adapter sequence: 'AGATCGGAAGAGC' (Illumina TruSeq, Sanger iPCR; auto-detected)
Maximum trimming error rate: 0.1 (default)
Minimum required adapter overlap (stringency): 3 bp
Minimum required sequence length for both reads before a sequence pair gets removed: 24 bp


This is cutadapt 1.18 with Python 2.7.11
Command line parameters: -j 1 -e 0.1 -q 20 -O 3 -a AGATCGGAAGAGC SRR6228882_1.fastq
Processing reads on 1 core in single-end mode ...
Finished in 4088.28 s (81 us/read; 0.74 M reads/minute).

=== Summary ===

Total reads processed:              50,429,333
Reads with adapters:                11,111,784 (22.0%)
Reads written (passing filters):    50,429,333 (100.0%)

Total basepairs processed: 7,614,829,283 bp
Quality-trimmed:              19,559,724 bp (0.3%)
Total written (filtered):  7,513,380,537 bp (98.7%)

=== Adapter 1 ===

Sequence: AGATCGGAAGAGC; Type: regular 3'; Length: 13; Trimmed: 11111784 times.

No. of allowed errors:
0-9 bp: 0; 10-13 bp: 1

Bases preceding removed adapters:
  A: 42.7%
  C: 2.8%
  G: 5.5%
  T: 49.0%
  none/other: 0.0%

Overview of removed sequences
length	count	expect	max.err	error counts
3	2964716	787958.3	0	2964716
4	1932008	196989.6	0	1932008
5	1446676	49247.4	0	1446676
6	1047534	12311.8	0	1047534
7	714459	3078.0	0	714459
8	439723	769.5	0	439723
9	329977	192.4	0	328492 1485
10	240394	48.1	1	235598 4796
11	191489	12.0	1	188228 3261
12	171048	3.0	1	168818 2230
13	162170	0.8	1	159948 2222
14	152438	0.8	1	150044 2394
15	151321	0.8	1	148828 2493
16	139853	0.8	1	137762 2091
17	141499	0.8	1	139265 2234
18	119035	0.8	1	117371 1664
19	102322	0.8	1	100766 1556
20	86330	0.8	1	85098 1232
21	74851	0.8	1	73718 1133
22	65817	0.8	1	64886 931
23	59564	0.8	1	58686 878
24	54864	0.8	1	53903 961
25	46326	0.8	1	45636 690
26	38241	0.8	1	37683 558
27	34675	0.8	1	34123 552
28	28922	0.8	1	28423 499
29	20124	0.8	1	19805 319
30	15070	0.8	1	14849 221
31	11443	0.8	1	11240 203
32	10174	0.8	1	9949 225
33	7944	0.8	1	7786 158
34	8094	0.8	1	7939 155
35	8124	0.8	1	7958 166
36	8017	0.8	1	7851 166
37	6876	0.8	1	6760 116
38	7052	0.8	1	6920 132
39	5673	0.8	1	5545 128
40	5622	0.8	1	5507 115
41	6235	0.8	1	6107 128
42	3096	0.8	1	3000 96
43	3535	0.8	1	3464 71
44	3669	0.8	1	3592 77
45	4031	0.8	1	3949 82
46	3439	0.8	1	3359 80
47	3618	0.8	1	3520 98
48	2793	0.8	1	2729 64
49	2988	0.8	1	2913 75
50	2096	0.8	1	2037 59
51	1896	0.8	1	1839 57
52	2066	0.8	1	1996 70
53	1646	0.8	1	1579 67
54	1290	0.8	1	1251 39
55	1395	0.8	1	1342 53
56	1323	0.8	1	1266 57
57	1520	0.8	1	1476 44
58	1366	0.8	1	1301 65
59	1244	0.8	1	1186 58
60	923	0.8	1	879 44
61	818	0.8	1	757 61
62	535	0.8	1	485 50
63	416	0.8	1	360 56
64	309	0.8	1	271 38
65	280	0.8	1	237 43
66	265	0.8	1	231 34
67	305	0.8	1	249 56
68	269	0.8	1	219 50
69	275	0.8	1	220 55
70	234	0.8	1	189 45
71	271	0.8	1	225 46
72	274	0.8	1	230 44
73	412	0.8	1	310 102
74	2029	0.8	1	1979 50
75	322	0.8	1	290 32
76	146	0.8	1	113 33
77	101	0.8	1	78 23
78	119	0.8	1	74 45
79	91	0.8	1	61 30
80	71	0.8	1	38 33
81	79	0.8	1	39 40
82	64	0.8	1	42 22
83	81	0.8	1	52 29
84	77	0.8	1	39 38
85	79	0.8	1	46 33
86	86	0.8	1	52 34
87	84	0.8	1	45 39
88	70	0.8	1	33 37
89	61	0.8	1	36 25
90	67	0.8	1	34 33
91	66	0.8	1	37 29
92	65	0.8	1	37 28
93	65	0.8	1	39 26
94	58	0.8	1	23 35
95	64	0.8	1	36 28
96	67	0.8	1	41 26
97	70	0.8	1	38 32
98	43	0.8	1	25 18
99	69	0.8	1	39 30
100	45	0.8	1	23 22
101	44	0.8	1	23 21
102	50	0.8	1	20 30
103	66	0.8	1	29 37
104	49	0.8	1	23 26
105	39	0.8	1	22 17
106	53	0.8	1	20 33
107	58	0.8	1	15 43
108	62	0.8	1	30 32
109	55	0.8	1	22 33
110	57	0.8	1	24 33
111	56	0.8	1	14 42
112	33	0.8	1	10 23
113	33	0.8	1	12 21
114	47	0.8	1	24 23
115	36	0.8	1	10 26
116	46	0.8	1	14 32
117	34	0.8	1	11 23
118	49	0.8	1	15 34
119	46	0.8	1	14 32
120	40	0.8	1	10 30
121	43	0.8	1	20 23
122	39	0.8	1	17 22
123	42	0.8	1	12 30
124	31	0.8	1	10 21
125	44	0.8	1	15 29
126	36	0.8	1	7 29
127	46	0.8	1	14 32
128	44	0.8	1	13 31
129	36	0.8	1	12 24
130	33	0.8	1	11 22
131	33	0.8	1	11 22
132	36	0.8	1	8 28
133	31	0.8	1	11 20
134	47	0.8	1	13 34
135	38	0.8	1	19 19
136	45	0.8	1	14 31
137	27	0.8	1	8 19
138	43	0.8	1	13 30
139	57	0.8	1	10 47
140	43	0.8	1	16 27
141	37	0.8	1	10 27
142	43	0.8	1	12 31
143	23	0.8	1	5 18
144	27	0.8	1	14 13
145	31	0.8	1	5 26
146	47	0.8	1	13 34
147	35	0.8	1	6 29
148	57	0.8	1	9 48
149	46	0.8	1	6 40
150	43	0.8	1	10 33
151	112	0.8	1	16 96


RUN STATISTICS FOR INPUT FILE: SRR6228882_1.fastq
=============================================
50429333 sequences processed in total

