
SUMMARISING RUN PARAMETERS
==========================
Input filename: SRR6228884_1.fastq
Trimming mode: paired-end
Trim Galore version: 0.6.1
Cutadapt version: 1.18
Number of cores used for trimming: 1
Quality Phred score cutoff: 20
Quality encoding type selected: ASCII+33
Adapter sequence: 'AGATCGGAAGAGC' (Illumina TruSeq, Sanger iPCR; auto-detected)
Maximum trimming error rate: 0.1 (default)
Minimum required adapter overlap (stringency): 3 bp
Minimum required sequence length for both reads before a sequence pair gets removed: 24 bp


This is cutadapt 1.18 with Python 2.7.11
Command line parameters: -j 1 -e 0.1 -q 20 -O 3 -a AGATCGGAAGAGC SRR6228884_1.fastq
Processing reads on 1 core in single-end mode ...
Finished in 4224.83 s (75 us/read; 0.80 M reads/minute).

=== Summary ===

Total reads processed:              56,117,037
Reads with adapters:                 4,524,261 (8.1%)
Reads written (passing filters):    56,117,037 (100.0%)

Total basepairs processed: 8,473,672,587 bp
Quality-trimmed:              20,437,210 bp (0.2%)
Total written (filtered):  8,415,070,137 bp (99.3%)

=== Adapter 1 ===

Sequence: AGATCGGAAGAGC; Type: regular 3'; Length: 13; Trimmed: 4524261 times.

No. of allowed errors:
0-9 bp: 0; 10-13 bp: 1

Bases preceding removed adapters:
  A: 34.6%
  C: 10.6%
  G: 13.8%
  T: 40.9%
  none/other: 0.0%

Overview of removed sequences
length	count	expect	max.err	error counts
3	1821423	876828.7	0	1821423
4	663490	219207.2	0	663490
5	338957	54801.8	0	338957
6	213917	13700.4	0	213917
7	157087	3425.1	0	157087
8	112028	856.3	0	112028
9	101371	214.1	0	100431 940
10	86280	53.5	1	83748 2532
11	76338	13.4	1	74594 1744
12	72604	3.3	1	71350 1254
13	70517	0.8	1	68974 1543
14	66806	0.8	1	65268 1538
15	64847	0.8	1	63289 1558
16	57951	0.8	1	56600 1351
17	59233	0.8	1	57876 1357
18	50267	0.8	1	49221 1046
19	46430	0.8	1	45330 1100
20	41178	0.8	1	40303 875
21	37706	0.8	1	36797 909
22	33667	0.8	1	33002 665
23	31343	0.8	1	30680 663
24	29049	0.8	1	28366 683
25	26264	0.8	1	25632 632
26	22037	0.8	1	21532 505
27	20591	0.8	1	20112 479
28	18906	0.8	1	18426 480
29	14750	0.8	1	14378 372
30	12802	0.8	1	12487 315
31	11372	0.8	1	11077 295
32	10889	0.8	1	10612 277
33	9134	0.8	1	8895 239
34	10063	0.8	1	9807 256
35	9031	0.8	1	8821 210
36	9113	0.8	1	8842 271
37	8970	0.8	1	8724 246
38	8546	0.8	1	8284 262
39	7334	0.8	1	7112 222
40	6451	0.8	1	6245 206
41	6127	0.8	1	5934 193
42	4830	0.8	1	4683 147
43	7113	0.8	1	6907 206
44	2793	0.8	1	2690 103
45	3593	0.8	1	3499 94
46	3627	0.8	1	3510 117
47	3852	0.8	1	3729 123
48	3491	0.8	1	3387 104
49	3587	0.8	1	3466 121
50	2791	0.8	1	2682 109
51	2882	0.8	1	2770 112
52	2134	0.8	1	2044 90
53	2043	0.8	1	1956 87
54	2042	0.8	1	1944 98
55	1825	0.8	1	1757 68
56	1381	0.8	1	1310 71
57	1547	0.8	1	1480 67
58	1335	0.8	1	1267 68
59	1372	0.8	1	1277 95
60	1133	0.8	1	1054 79
61	1052	0.8	1	957 95
62	836	0.8	1	754 82
63	843	0.8	1	759 84
64	648	0.8	1	582 66
65	757	0.8	1	684 73
66	751	0.8	1	685 66
67	679	0.8	1	603 76
68	663	0.8	1	590 73
69	673	0.8	1	591 82
70	708	0.8	1	637 71
71	683	0.8	1	617 66
72	743	0.8	1	655 88
73	772	0.8	1	690 82
74	764	0.8	1	710 54
75	1003	0.8	1	890 113
76	5996	0.8	1	5840 156
77	894	0.8	1	811 83
78	369	0.8	1	319 50
79	276	0.8	1	227 49
80	192	0.8	1	159 33
81	198	0.8	1	149 49
82	164	0.8	1	120 44
83	177	0.8	1	133 44
84	157	0.8	1	122 35
85	182	0.8	1	140 42
86	140	0.8	1	105 35
87	153	0.8	1	110 43
88	159	0.8	1	125 34
89	151	0.8	1	114 37
90	164	0.8	1	127 37
91	167	0.8	1	119 48
92	138	0.8	1	107 31
93	135	0.8	1	98 37
94	148	0.8	1	112 36
95	146	0.8	1	115 31
96	128	0.8	1	94 34
97	130	0.8	1	94 36
98	116	0.8	1	75 41
99	117	0.8	1	79 38
100	104	0.8	1	77 27
101	91	0.8	1	61 30
102	109	0.8	1	85 24
103	100	0.8	1	58 42
104	117	0.8	1	82 35
105	98	0.8	1	66 32
106	100	0.8	1	65 35
107	100	0.8	1	51 49
108	69	0.8	1	40 29
109	97	0.8	1	63 34
110	79	0.8	1	39 40
111	95	0.8	1	49 46
112	77	0.8	1	52 25
113	80	0.8	1	47 33
114	86	0.8	1	47 39
115	83	0.8	1	44 39
116	85	0.8	1	41 44
117	85	0.8	1	37 48
118	67	0.8	1	35 32
119	75	0.8	1	31 44
120	80	0.8	1	33 47
121	73	0.8	1	39 34
122	61	0.8	1	31 30
123	63	0.8	1	40 23
124	57	0.8	1	20 37
125	54	0.8	1	28 26
126	62	0.8	1	30 32
127	70	0.8	1	32 38
128	57	0.8	1	34 23
129	65	0.8	1	31 34
130	66	0.8	1	35 31
131	52	0.8	1	30 22
132	75	0.8	1	37 38
133	62	0.8	1	33 29
134	85	0.8	1	37 48
135	75	0.8	1	44 31
136	70	0.8	1	27 43
137	55	0.8	1	32 23
138	65	0.8	1	38 27
139	76	0.8	1	34 42
140	64	0.8	1	29 35
141	62	0.8	1	26 36
142	55	0.8	1	18 37
143	37	0.8	1	13 24
144	38	0.8	1	16 22
145	43	0.8	1	20 23
146	51	0.8	1	22 29
147	62	0.8	1	27 35
148	52	0.8	1	19 33
149	71	0.8	1	28 43
150	69	0.8	1	27 42
151	125	0.8	1	27 98


RUN STATISTICS FOR INPUT FILE: SRR6228884_1.fastq
=============================================
56117037 sequences processed in total

