
SUMMARISING RUN PARAMETERS
==========================
Input filename: SRR6228882_2.fastq
Trimming mode: paired-end
Trim Galore version: 0.6.1
Cutadapt version: 1.18
Number of cores used for trimming: 1
Quality Phred score cutoff: 20
Quality encoding type selected: ASCII+33
Adapter sequence: 'AGATCGGAAGAGC' (Illumina TruSeq, Sanger iPCR; auto-detected)
Maximum trimming error rate: 0.1 (default)
Minimum required adapter overlap (stringency): 3 bp
Minimum required sequence length for both reads before a sequence pair gets removed: 24 bp


This is cutadapt 1.18 with Python 2.7.11
Command line parameters: -j 1 -e 0.1 -q 20 -O 3 -a AGATCGGAAGAGC SRR6228882_2.fastq
Processing reads on 1 core in single-end mode ...
Finished in 2845.50 s (56 us/read; 1.06 M reads/minute).

=== Summary ===

Total reads processed:              50,429,333
Reads with adapters:                 9,120,750 (18.1%)
Reads written (passing filters):    50,429,333 (100.0%)

Total basepairs processed: 7,614,829,283 bp
Quality-trimmed:              37,621,148 bp (0.5%)
Total written (filtered):  7,509,536,844 bp (98.6%)

=== Adapter 1 ===

Sequence: AGATCGGAAGAGC; Type: regular 3'; Length: 13; Trimmed: 9120750 times.

No. of allowed errors:
0-9 bp: 0; 10-13 bp: 1

Bases preceding removed adapters:
  A: 42.4%
  C: 3.5%
  G: 6.4%
  T: 47.7%
  none/other: 0.0%

Overview of removed sequences
length	count	expect	max.err	error counts
3	2745833	787958.3	0	2745833
4	1601694	196989.6	0	1601694
5	1079972	49247.4	0	1079972
6	702633	12311.8	0	702633
7	446910	3078.0	0	446910
8	306443	769.5	0	306443
9	240378	192.4	0	238850 1528
10	201344	48.1	1	197239 4105
11	172736	12.0	1	169826 2910
12	164756	3.0	1	162108 2648
13	152393	0.8	1	150439 1954
14	157746	0.8	1	155349 2397
15	139743	0.8	1	138154 1589
16	129767	0.8	1	128410 1357
17	125389	0.8	1	123829 1560
18	97443	0.8	1	96302 1141
19	86200	0.8	1	85184 1016
20	70143	0.8	1	69345 798
21	65124	0.8	1	64451 673
22	60124	0.8	1	59365 759
23	51809	0.8	1	51205 604
24	46312	0.8	1	45668 644
25	38841	0.8	1	38305 536
26	34538	0.8	1	34108 430
27	27312	0.8	1	26908 404
28	20701	0.8	1	20411 290
29	15160	0.8	1	14928 232
30	11576	0.8	1	11374 202
31	9388	0.8	1	9232 156
32	8346	0.8	1	8211 135
33	7903	0.8	1	7754 149
34	7879	0.8	1	7751 128
35	7805	0.8	1	7668 137
36	7117	0.8	1	7002 115
37	6822	0.8	1	6694 128
38	5907	0.8	1	5770 137
39	5214	0.8	1	5110 104
40	4679	0.8	1	4578 101
41	4237	0.8	1	4152 85
42	4040	0.8	1	3947 93
43	3973	0.8	1	3885 88
44	3981	0.8	1	3876 105
45	3800	0.8	1	3727 73
46	3362	0.8	1	3292 70
47	2861	0.8	1	2783 78
48	2761	0.8	1	2681 80
49	2183	0.8	1	2101 82
50	1806	0.8	1	1753 53
51	1936	0.8	1	1884 52
52	1534	0.8	1	1486 48
53	1373	0.8	1	1329 44
54	1247	0.8	1	1211 36
55	1347	0.8	1	1307 40
56	1460	0.8	1	1413 47
57	1345	0.8	1	1304 41
58	1200	0.8	1	1139 61
59	1038	0.8	1	1001 37
60	754	0.8	1	716 38
61	592	0.8	1	553 39
62	433	0.8	1	387 46
63	360	0.8	1	315 45
64	317	0.8	1	292 25
65	338	0.8	1	297 41
66	348	0.8	1	311 37
67	533	0.8	1	442 91
68	3414	0.8	1	3243 171
69	420	0.8	1	358 62
70	86	0.8	1	62 24
71	63	0.8	1	35 28
72	66	0.8	1	32 34
73	69	0.8	1	27 42
74	55	0.8	1	25 30
75	68	0.8	1	31 37
76	65	0.8	1	35 30
77	76	0.8	1	33 43
78	77	0.8	1	46 31
79	60	0.8	1	24 36
80	57	0.8	1	20 37
81	50	0.8	1	19 31
82	75	0.8	1	32 43
83	60	0.8	1	32 28
84	66	0.8	1	34 32
85	58	0.8	1	29 29
86	64	0.8	1	22 42
87	50	0.8	1	22 28
88	43	0.8	1	17 26
89	59	0.8	1	28 31
90	52	0.8	1	17 35
91	55	0.8	1	18 37
92	43	0.8	1	9 34
93	59	0.8	1	16 43
94	56	0.8	1	25 31
95	42	0.8	1	27 15
96	41	0.8	1	13 28
97	44	0.8	1	21 23
98	49	0.8	1	23 26
99	49	0.8	1	20 29
100	36	0.8	1	17 19
101	34	0.8	1	14 20
102	34	0.8	1	12 22
103	40	0.8	1	19 21
104	40	0.8	1	14 26
105	50	0.8	1	14 36
106	66	0.8	1	14 52
107	42	0.8	1	10 32
108	35	0.8	1	5 30
109	36	0.8	1	14 22
110	39	0.8	1	8 31
111	31	0.8	1	7 24
112	47	0.8	1	13 34
113	36	0.8	1	9 27
114	30	0.8	1	4 26
115	46	0.8	1	6 40
116	42	0.8	1	6 36
117	41	0.8	1	5 36
118	49	0.8	1	7 42
119	42	0.8	1	10 32
120	30	0.8	1	3 27
121	31	0.8	1	8 23
122	43	0.8	1	12 31
123	35	0.8	1	10 25
124	38	0.8	1	9 29
125	47	0.8	1	7 40
126	46	0.8	1	5 41
127	33	0.8	1	7 26
128	31	0.8	1	6 25
129	37	0.8	1	11 26
130	38	0.8	1	9 29
131	26	0.8	1	6 20
132	28	0.8	1	5 23
133	25	0.8	1	4 21
134	39	0.8	1	9 30
135	39	0.8	1	9 30
136	36	0.8	1	6 30
137	30	0.8	1	4 26
138	38	0.8	1	6 32
139	48	0.8	1	13 35
140	30	0.8	1	6 24
141	34	0.8	1	2 32
142	29	0.8	1	5 24
143	27	0.8	1	6 21
144	27	0.8	1	6 21
145	33	0.8	1	2 31
146	35	0.8	1	4 31
147	32	0.8	1	5 27
148	31	0.8	1	2 29
149	19	0.8	1	3 16
150	72	0.8	1	7 65
151	17	0.8	1	14 3


RUN STATISTICS FOR INPUT FILE: SRR6228882_2.fastq
=============================================
50429333 sequences processed in total

Total number of sequences analysed for the sequence pair length validation: 50429333

Number of sequence pairs removed because at least one read was shorter than the length cutoff (24 bp): 34004 (0.07%)
