
SUMMARISING RUN PARAMETERS
==========================
Input filename: SRR6228881_2.fastq
Trimming mode: paired-end
Trim Galore version: 0.6.1
Cutadapt version: 1.18
Number of cores used for trimming: 1
Quality Phred score cutoff: 20
Quality encoding type selected: ASCII+33
Adapter sequence: 'AGATCGGAAGAGC' (Illumina TruSeq, Sanger iPCR; auto-detected)
Maximum trimming error rate: 0.1 (default)
Minimum required adapter overlap (stringency): 3 bp
Minimum required sequence length for both reads before a sequence pair gets removed: 24 bp


This is cutadapt 1.18 with Python 2.7.11
Command line parameters: -j 1 -e 0.1 -q 20 -O 3 -a AGATCGGAAGAGC SRR6228881_2.fastq
Processing reads on 1 core in single-end mode ...
Finished in 1402.91 s (30 us/read; 2.02 M reads/minute).

=== Summary ===

Total reads processed:              47,184,481
Reads with adapters:                 9,098,521 (19.3%)
Reads written (passing filters):    47,184,481 (100.0%)

Total basepairs processed: 7,124,856,631 bp
Quality-trimmed:              37,138,494 bp (0.5%)
Total written (filtered):  7,011,705,198 bp (98.4%)

=== Adapter 1 ===

Sequence: AGATCGGAAGAGC; Type: regular 3'; Length: 13; Trimmed: 9098521 times.

No. of allowed errors:
0-9 bp: 0; 10-13 bp: 1

Bases preceding removed adapters:
  A: 41.8%
  C: 3.3%
  G: 6.6%
  T: 48.3%
  none/other: 0.0%

Overview of removed sequences
length	count	expect	max.err	error counts
3	2577372	737257.5	0	2577372
4	1521435	184314.4	0	1521435
5	1032791	46078.6	0	1032791
6	680138	11519.6	0	680138
7	429258	2879.9	0	429258
8	295883	720.0	0	295883
9	233523	180.0	0	231985 1538
10	197819	45.0	1	193512 4307
11	172622	11.2	1	169433 3189
12	166015	2.8	1	162915 3100
13	155064	0.7	1	152780 2284
14	165031	0.7	1	162278 2753
15	147538	0.7	1	145647 1891
16	139135	0.7	1	137502 1633
17	139195	0.7	1	137364 1831
18	108587	0.7	1	107312 1275
19	98710	0.7	1	97472 1238
20	84120	0.7	1	83070 1050
21	80134	0.7	1	79226 908
22	76442	0.7	1	75411 1031
23	67671	0.7	1	66819 852
24	63359	0.7	1	62413 946
25	54733	0.7	1	53925 808
26	49737	0.7	1	48992 745
27	40656	0.7	1	40043 613
28	31567	0.7	1	31063 504
29	23584	0.7	1	23265 319
30	18552	0.7	1	18231 321
31	14938	0.7	1	14695 243
32	13731	0.7	1	13554 177
33	13865	0.7	1	13671 194
34	14085	0.7	1	13837 248
35	13976	0.7	1	13770 206
36	13369	0.7	1	13179 190
37	12827	0.7	1	12628 199
38	11665	0.7	1	11471 194
39	10721	0.7	1	10550 171
40	9586	0.7	1	9428 158
41	8946	0.7	1	8791 155
42	9047	0.7	1	8884 163
43	8756	0.7	1	8631 125
44	8687	0.7	1	8520 167
45	8503	0.7	1	8345 158
46	7761	0.7	1	7634 127
47	6721	0.7	1	6626 95
48	6217	0.7	1	6123 94
49	4912	0.7	1	4825 87
50	4294	0.7	1	4222 72
51	4269	0.7	1	4219 50
52	3558	0.7	1	3503 55
53	3403	0.7	1	3345 58
54	3103	0.7	1	3046 57
55	3237	0.7	1	3170 67
56	3370	0.7	1	3304 66
57	2945	0.7	1	2889 56
58	2714	0.7	1	2646 68
59	2125	0.7	1	2075 50
60	1730	0.7	1	1678 52
61	1233	0.7	1	1195 38
62	804	0.7	1	756 48
63	620	0.7	1	592 28
64	570	0.7	1	529 41
65	561	0.7	1	519 42
66	579	0.7	1	523 56
67	793	0.7	1	683 110
68	4996	0.7	1	4803 193
69	660	0.7	1	606 54
70	159	0.7	1	129 30
71	92	0.7	1	66 26
72	67	0.7	1	40 27
73	78	0.7	1	50 28
74	75	0.7	1	47 28
75	65	0.7	1	43 22
76	74	0.7	1	44 30
77	84	0.7	1	46 38
78	78	0.7	1	49 29
79	75	0.7	1	50 25
80	58	0.7	1	33 25
81	66	0.7	1	43 23
82	51	0.7	1	34 17
83	75	0.7	1	49 26
84	79	0.7	1	43 36
85	87	0.7	1	43 44
86	70	0.7	1	34 36
87	76	0.7	1	38 38
88	51	0.7	1	32 19
89	58	0.7	1	27 31
90	58	0.7	1	29 29
91	50	0.7	1	27 23
92	39	0.7	1	20 19
93	55	0.7	1	24 31
94	61	0.7	1	32 29
95	47	0.7	1	33 14
96	47	0.7	1	19 28
97	43	0.7	1	22 21
98	58	0.7	1	25 33
99	36	0.7	1	20 16
100	39	0.7	1	20 19
101	48	0.7	1	27 21
102	35	0.7	1	22 13
103	36	0.7	1	17 19
104	44	0.7	1	18 26
105	53	0.7	1	18 35
106	63	0.7	1	21 42
107	38	0.7	1	20 18
108	60	0.7	1	18 42
109	38	0.7	1	12 26
110	36	0.7	1	9 27
111	31	0.7	1	7 24
112	37	0.7	1	15 22
113	29	0.7	1	16 13
114	44	0.7	1	11 33
115	37	0.7	1	8 29
116	52	0.7	1	13 39
117	41	0.7	1	14 27
118	46	0.7	1	12 34
119	57	0.7	1	17 40
120	33	0.7	1	13 20
121	34	0.7	1	7 27
122	42	0.7	1	12 30
123	36	0.7	1	11 25
124	35	0.7	1	14 21
125	45	0.7	1	8 37
126	37	0.7	1	14 23
127	46	0.7	1	15 31
128	31	0.7	1	6 25
129	32	0.7	1	4 28
130	29	0.7	1	13 16
131	24	0.7	1	9 15
132	29	0.7	1	16 13
133	28	0.7	1	13 15
134	34	0.7	1	11 23
135	37	0.7	1	6 31
136	34	0.7	1	9 25
137	45	0.7	1	13 32
138	58	0.7	1	11 47
139	30	0.7	1	7 23
140	31	0.7	1	3 28
141	39	0.7	1	5 34
142	28	0.7	1	8 20
143	21	0.7	1	8 13
144	23	0.7	1	5 18
145	32	0.7	1	4 28
146	29	0.7	1	2 27
147	39	0.7	1	6 33
148	23	0.7	1	3 20
149	22	0.7	1	7 15
150	73	0.7	1	12 61
151	18	0.7	1	15 3


RUN STATISTICS FOR INPUT FILE: SRR6228881_2.fastq
=============================================
47184481 sequences processed in total

Total number of sequences analysed for the sequence pair length validation: 47184481

Number of sequence pairs removed because at least one read was shorter than the length cutoff (24 bp): 32819 (0.07%)
