
SUMMARISING RUN PARAMETERS
==========================
Input filename: SRR6228884_2.fastq
Trimming mode: paired-end
Trim Galore version: 0.6.1
Cutadapt version: 1.18
Number of cores used for trimming: 1
Quality Phred score cutoff: 20
Quality encoding type selected: ASCII+33
Adapter sequence: 'AGATCGGAAGAGC' (Illumina TruSeq, Sanger iPCR; auto-detected)
Maximum trimming error rate: 0.1 (default)
Minimum required adapter overlap (stringency): 3 bp
Minimum required sequence length for both reads before a sequence pair gets removed: 24 bp


This is cutadapt 1.18 with Python 2.7.11
Command line parameters: -j 1 -e 0.1 -q 20 -O 3 -a AGATCGGAAGAGC SRR6228884_2.fastq
Processing reads on 1 core in single-end mode ...
Finished in 1339.43 s (24 us/read; 2.51 M reads/minute).

=== Summary ===

Total reads processed:              56,117,037
Reads with adapters:                 4,002,844 (7.1%)
Reads written (passing filters):    56,117,037 (100.0%)

Total basepairs processed: 8,473,672,587 bp
Quality-trimmed:              47,078,835 bp (0.6%)
Total written (filtered):  8,392,695,735 bp (99.0%)

=== Adapter 1 ===

Sequence: AGATCGGAAGAGC; Type: regular 3'; Length: 13; Trimmed: 4002844 times.

No. of allowed errors:
0-9 bp: 0; 10-13 bp: 1

Bases preceding removed adapters:
  A: 34.0%
  C: 12.1%
  G: 15.4%
  T: 38.4%
  none/other: 0.0%

Overview of removed sequences
length	count	expect	max.err	error counts
3	1714777	876828.7	0	1714777
4	552847	219207.2	0	552847
5	257582	54801.8	0	257582
6	156046	13700.4	0	156046
7	113753	3425.1	0	113753
8	93027	856.3	0	93027
9	86802	214.1	0	85839 963
10	80529	53.5	1	78166 2363
11	73641	13.4	1	71834 1807
12	72189	3.3	1	70850 1339
13	66483	0.8	1	65518 965
14	67803	0.8	1	66722 1081
15	58386	0.8	1	57634 752
16	53527	0.8	1	52910 617
17	53546	0.8	1	52864 682
18	43836	0.8	1	43310 526
19	41019	0.8	1	40539 480
20	34953	0.8	1	34467 486
21	33332	0.8	1	32949 383
22	31662	0.8	1	31232 430
23	27408	0.8	1	26995 413
24	26181	0.8	1	25775 406
25	22528	0.8	1	22186 342
26	20378	0.8	1	20060 318
27	17542	0.8	1	17225 317
28	15242	0.8	1	14958 284
29	12800	0.8	1	12575 225
30	11438	0.8	1	11196 242
31	10045	0.8	1	9869 176
32	9576	0.8	1	9429 147
33	9635	0.8	1	9473 162
34	9624	0.8	1	9409 215
35	9162	0.8	1	9005 157
36	8676	0.8	1	8473 203
37	8083	0.8	1	7916 167
38	7239	0.8	1	7091 148
39	6421	0.8	1	6290 131
40	5630	0.8	1	5524 106
41	5068	0.8	1	4956 112
42	4759	0.8	1	4622 137
43	4342	0.8	1	4258 84
44	4295	0.8	1	4171 124
45	4168	0.8	1	4057 111
46	3850	0.8	1	3748 102
47	3659	0.8	1	3561 98
48	3516	0.8	1	3425 91
49	2826	0.8	1	2750 76
50	2467	0.8	1	2415 52
51	2463	0.8	1	2390 73
52	1916	0.8	1	1860 56
53	1783	0.8	1	1721 62
54	1540	0.8	1	1482 58
55	1526	0.8	1	1472 54
56	1514	0.8	1	1460 54
57	1402	0.8	1	1344 58
58	1264	0.8	1	1203 61
59	1114	0.8	1	1066 48
60	1006	0.8	1	953 53
61	937	0.8	1	896 41
62	831	0.8	1	778 53
63	835	0.8	1	786 49
64	865	0.8	1	807 58
65	952	0.8	1	883 69
66	984	0.8	1	907 77
67	1341	0.8	1	1187 154
68	10476	0.8	1	10110 366
69	1392	0.8	1	1305 87
70	295	0.8	1	257 38
71	201	0.8	1	152 49
72	157	0.8	1	113 44
73	136	0.8	1	97 39
74	116	0.8	1	70 46
75	115	0.8	1	76 39
76	141	0.8	1	97 44
77	157	0.8	1	88 69
78	134	0.8	1	92 42
79	162	0.8	1	111 51
80	131	0.8	1	97 34
81	138	0.8	1	102 36
82	118	0.8	1	84 34
83	116	0.8	1	77 39
84	114	0.8	1	72 42
85	106	0.8	1	66 40
86	109	0.8	1	64 45
87	111	0.8	1	69 42
88	98	0.8	1	58 40
89	112	0.8	1	66 46
90	118	0.8	1	73 45
91	94	0.8	1	52 42
92	86	0.8	1	54 32
93	86	0.8	1	58 28
94	77	0.8	1	50 27
95	73	0.8	1	45 28
96	106	0.8	1	64 42
97	78	0.8	1	45 33
98	75	0.8	1	42 33
99	64	0.8	1	39 25
100	70	0.8	1	30 40
101	70	0.8	1	37 33
102	70	0.8	1	41 29
103	60	0.8	1	32 28
104	82	0.8	1	36 46
105	70	0.8	1	40 30
106	76	0.8	1	26 50
107	55	0.8	1	25 30
108	66	0.8	1	27 39
109	62	0.8	1	20 42
110	65	0.8	1	30 35
111	57	0.8	1	25 32
112	48	0.8	1	16 32
113	72	0.8	1	37 35
114	51	0.8	1	25 26
115	64	0.8	1	24 40
116	55	0.8	1	12 43
117	48	0.8	1	17 31
118	67	0.8	1	28 39
119	52	0.8	1	18 34
120	51	0.8	1	13 38
121	39	0.8	1	19 20
122	55	0.8	1	15 40
123	60	0.8	1	23 37
124	46	0.8	1	16 30
125	67	0.8	1	17 50
126	49	0.8	1	13 36
127	46	0.8	1	18 28
128	57	0.8	1	18 39
129	51	0.8	1	19 32
130	57	0.8	1	18 39
131	40	0.8	1	12 28
132	61	0.8	1	17 44
133	56	0.8	1	14 42
134	58	0.8	1	14 44
135	42	0.8	1	10 32
136	53	0.8	1	9 44
137	54	0.8	1	13 41
138	59	0.8	1	11 48
139	45	0.8	1	8 37
140	50	0.8	1	9 41
141	38	0.8	1	5 33
142	34	0.8	1	9 25
143	31	0.8	1	3 28
144	44	0.8	1	7 37
145	32	0.8	1	4 28
146	33	0.8	1	1 32
147	43	0.8	1	2 41
148	44	0.8	1	0 44
149	31	0.8	1	4 27
150	77	0.8	1	4 73
151	18	0.8	1	0 18


RUN STATISTICS FOR INPUT FILE: SRR6228884_2.fastq
=============================================
56117037 sequences processed in total

Total number of sequences analysed for the sequence pair length validation: 56117037

Number of sequence pairs removed because at least one read was shorter than the length cutoff (24 bp): 44393 (0.08%)
